0.918
0.6213
-0.6499
-0.3588
-0.4799
0.1221
-0.9468
-0.6276
0.6834
-1.6245
1.003
-0.9922
-0.7334
0.7925
0.3519
0.0998
-0.0194
-2.8613
1.1748
1.4934
-0.7078
-2.4737
-0.4039
-0.5972
-0.3083
1.4859
1.434
-0.3993
0.9941
-0.1815
-1.1017
-1.8874
1.3514
-1.551
0.8224
1.7975
-0.0045
0.046
-0.2847
2.2634
1.9491
-0.6673
1.451
-0.4498
0.5849
0.3393
-0.2294
-0.9858
-0.091
1.1379
-0.0523
0.4067
-1.5757
0.1511
-0.4239
-1.4651
0.5849
0.5349
0.2455
-0.0741
-0.853
-0.9993
0.0835
-0.3205
0.228
-0.6656
1.1335
-2.3689
0.6632
-0.7615
2.3418
-0.2038
-0.1421
0.0623
-1.5411
-0.6201
-0.7103
-0.1519
-1.3889
-1.0099
1.0765
0.8859
-0.1749
-1.0262
-1.934
-0.3021
3.7504
-1.4547
-1.6794
1.855
2.1144
-0.566
0.6562
0.7612
-1.3293
-1.099
0.5686
1.0184
-1.2087
-0.8553
-0.6412
-0.281
0.2329
-2.4795
0.001
0.885
-1.9764
-0.1574
0.3124
-1.6629
0.6571
-1.0488
-0.2268
2.8691
0.0936
-1.6536
-1.3432
-1.7043
0.3619
-1.6702
-0.2674
1.7575
-0.0828
-2.1388
-2.1225
0.6223
3.673
-1.2184
-2.4719
-3.3962
0.7496
-0.6448
-0.3755
-1.8509
0.5661
-2.7019
-3.8352
-3.2911
-2.7017
5.7327
-0.5632
1.6884
5.4078
0.4249
0.9792
-2.9574
-2.3082
-3.4296
2.9919
2.001
3.2722
0.3512
-0.5327
-2.1675
4.0047
1.1559
-0.1591
2.3612
-1.3958
1.2726
1.4052
-2.2686
0.7536
-1.3851
-1.8132
-0.0076
-0.1885
-4.1536
1.7517
-1.595
1.68
1.0113
0.7331
-0.0143
-2.4784
0.327
0.145
-1.9728
-0.4648
-3.0065
0.2455
-1.3828
-1.7284
2.4863
1.821
-3.2259
-1.4613
4.0023
-2.3587
-1.0822
-2.2431
-1.9111
1.6898
-2.7287
3.4966
3.9059
0.7327
4.7336
-2.4113
2.2302
0.5903
1.7334
-1.0626
0.6718
-1.5221
1.7167
-0.8266
-0.9076
0.9704
-0.5557
1.716
0.8202
0.775
0.9144
-2.2852
-0.8763
-2.0732
0.7715
-0.0476
2.4634
0.6149
-1.0409
-0.4021
1.9415
2.1452
-0.3438
0.2493
-2.0968
2.7986
-0.2727
-0.1901
-1.4745
-0.3443
-1.2021
0.6266
-2.2176
1.3957
0.0564
-0.3735
-1.3421
2.3519
-0.8139
-1.3145
-0.7709
1.3017
0.1809
-0.5472
-0.3149
-1.6029
0.4558
0.0489
3.32
-0.0484
2.2474
-0.6545
-1.4086
1.9386
0
-0.1412
0.583
-1.4426
-0.3942
-1.4017
-1.5702
-1.0432
1.0224
-2.9233
-1.616
1.305
0.6779
-2.2849
1.313
0.5399
-1.4088
-0.5435
-0.6449
-1.0094
0.7569
-0.8098
-1.2687
-0.16
2.1435
1.95
-0.7096
-0.9502
1.3224
-1.8381
0.7194
-1.3141
1.1758
0.4622
-0.7537
-1.5357
0.9562
-0.9339
0.8259
-2.583
-0.8359
0.4321
3.4457
0.1647
3.5427
0.4242
0.8737
0.1888
2.2977
-3.5231
1.2161
-0.5476
-0.1644
-0.578
-1.7742
1.2144
2.6116
-0.5052
0.2738
0.1229
-0.1864
-1.4004
0.6455
-0.3763
1.9498
0.6303
-1.2236
1.5536
-0.1757
2.1704
0.8394
-0.8259
-1.3846
1.7835
0.3279
-0.1002
-0.0676
1.5039
-0.3795
0.8462
-0.5105
-1.0058
1.4278
1.2535
-0.2973
-0.3205
0.7868
-0.2504
-2.4918
-0.113
0.4012
0.9151
0.1449
1.9567
0.1829
-0.3756
1.469
0.3539
0.4716
1.511
0.3954
-0.2404
-1.1977
0.913
1.2835
0.1033
-0.9915
2.2385
0.091
-0.1552
-1.5236
0.0995
-1.4111
0.1844
-0.8267
1.0766
-0.9738
-0.1762
0.8025
1.1636
-0.8101
1.8992
0.3405
-0.5586
-1.348
0.9548
0.5731
-0.3427
-0.6327
-1.2434
1.1806
-1.4618
0.9512
0.0506
-0.7091
1.74
-0.2163
-0.7265
-0.1809
0.2856
-1.0259
0.2724
-1.7663
0.1678
0.728
0.3562
0.3069
0.9953
-0.6382
0.6585
0.0162
0.9155
0.2611
-0.2045
0.2969
-1.0177
0.0655
0.3039
0.006
0.607
0.5155
1.3869
0.4188
0.1656
-0.6401
1.0035
-0.821
-1.1973
0.5441
0.2174
-0.375
1.4298
-0.3255
1.3265
-0.3155
-1.3008
0.6071
-1.9096
-0.6053
-0.6399
0.9761
-1.0541
2.234
0.1984
0.9419
0.437
0.4737
-0.5263
0.4788
-0.0645
0.7023
0.3951
-0.2592
0.3162
-1.0237
0.5157
0.1292
-1.498
0.331
-0.4701
0.2158
1.5187
0.1261
-0.1116
0.3601
0.7909
-0.5448
-0.1367
0.5933
-0.4575
-0.5792
-0.0516
1.1428
-0.0113
-0.7615
-0.6398
-0.9084
0.8016
-0.8432
0.1577
1.6227
0.172
0.4327
-0.0236
1.1264
-0.3271
-0.1772
0.4687
-0.7684
0.7348
-0.8529
-0.1066
1.1482
0.2735
-0.5679
0.6638
0.1256
1.1798
-0.0477
0.3931
0.2818
-0.1807
0.1691
1.2401
0.0144
0.2055
-0.3094
1.2395
0.1292
0.2367
0.4963
-0.8888
0.4787
-0.5332
0.8295
0.1353
0.6872
-0.093
0.7772
-0.3207
-0.2089
1.2106
-0.9798
-1.361
0.4989
-0.2628
0.3651
0.0678
-0.8371
0.1837
1.2556
-0.2581
0.5027
1.0667
-0.488
-0.5468
0.9757
-0.4469
-0.4132
-0.2572
-0.2727
-0.1665
0.4021
0.1084
0.0026
0.9634
-0.5943
0.168
0.3336
0.1723
-0.835
-0.5771
-1.4633
-1.5224
1.2459
-1.435
0.5622
1.1749
-0.1273
-1.1173
-1.2958
-0.1324
-0.2395
1.6365
-0.1019
1.3005
0.4036
-0.0701
0.5292
0.8515
0.7672
-0.2095
-0.6645
-0.1061
0.5161
-1.3762
-0.1124
0.0594
0.5111
0.1066
-1.5557
0.5312
1.4091
0.0588
-0.4445
0.2272
-1.3795
-0.7591
-0.5916
0.9203
0.1843
0.1769
-0.6723
-1.3725
-1.054
0.7662
0.1671
-0.0766
-0.0675
-1.0587
0.6817
-0.2574
0.0468
0.4012
0.1692
1.6104
0.1698
0.5686
-0.0535
0.0464
0.338
-0.7422
0.5248
1.5964
0.1543
-0.9499
0.4543
-0.9837
0.5972
0.1369
-0.1332
0.2624
-0.4158
0.3636
0.8507
-0.2981
-0.5453
-0.0952
0.2515
0.4084
-1.0431
-0.3153
-0.8148
0.1899
-0.8244
0.3336
0.1384
0.0709
-0.3291
-0.4301
-0.4789
-0.0445
0.7058
-1.334
0.2706
-0.9701
-0.1961
0.9926
0.0539
0.4574
0.1172
0.4448
-0.6262
-0.0964
-1.632
-1.5481
0.1175
1.2974
-0.3012
-1.1675
0.1477
1.3655
0.2196
1.2443
-0.3598
0.6525
-0.2431
0.0465
0.8
0.0118
0.2425
-0.7781
0.4631
0.1512
1.1213
-0.4185
0.6887
-0.4486
0.189
0.4954
0.169
0.2229
-0.7055
0.2794
0.4495
-0.5627
0.6327
-1.3938
-0.467
0.1579
-0.5936
0.5927
0.427
-0.0197
1.5181
0.3244
-0.0608
0.6673
-0.9982
-0.7527
0.2005
-0.2268
-0.73
-0.9303
0.445
0.5252
-0.9686
0.039
0.2564
-0.9715
-0.0858
1.4879
1.2879
0.1813
0.2448
0.0274
0.0044
1.118
1.6156
0.3874
-0.1098
-0.0695
-0.1005
0.9089
0.911
-0.0304
-0.7079
0.5538
0.1362
-1.1161
0.5896
-0.0255
0.4095
0.0753
-0.345
-0.403
1.4951
-0.0873
0.0706
-0.0772
-1.1073
0.4877
0.5436
-0.1043
0.899
0.3921
0.1944
-0.2082
-0.7488
0.0377
0.904
0.3418
0.0463
-0.4305
0.7154
-0.0074
0.0082
-0.1343
-0.8119
-1.1671
-0.3628
0.3506
-0.1431
0.3423
-0.61
0.3981
-0.863
0.6005
0.9675
-0.949
-0.7783
-0.6415
-0.3528
0.4004
0.4844
0.0409
-0.2716
0.846
0.6891
0.3178
-0.2766
1.1043
-0.1089
0.0483
-0.8575
0.4211
0.6926
0.0697
0.33
0.0182
-0.7923
0.07
-1.4506
0.5607
0.7894
0.9307
-0.6414
0.5658
-0.0273
0.0322
0.9624
0.261
-0.4799
-1.0185
0.1856
-0.7583
0.5625
-0.7524
-0.8082
0.1801
-0.047
-0.4934
-1.0196
0.07
-0.0947
0.2441
-0.7596
1.3773
-0.0694
-0.6497
0.2728
0.4481
0.2268
0.5971
-0.8345
8e-04
0.5545
-1.1762
-1.0002
-1.672
0.2941
0.5934
-1.3255
1.9736
-0.675
0.8662
-0.8837
0.395
-1.138
1.1922
0.459
-0.0852
1.247
-0.2569
-0.1092
0.6394
-1.0705
0.4193
-1.0033
-0.458
1.0086
0.6957
1.0019
0.4656
-0.1511
0.3851
0.0176
-0.34
0.6395
0.0969
-0.6073
0.8997
0.1722
-0.6867
0.1246
-0.0209
-0.2163
0.524
-0.2348
0.2262
0.2573
0.2218
0.363
0.4955
-0.0707
-0.2048
0.0222
-1.0833
-0.7629
-0.0739
0.9138
-0.1431
-0.7101
0.2611
0.8833
-0.834
0.2452
1.1679
0.6255
0.2272
0.0884
0.2624
0.1158
-0.553
0.6731
0.4759
-0.6606
0.5411
-0.3769
0.1733
0.4573
0.5603
-0.767
0.0948
0.7099
0.074
-0.7373
-0.7638
-0.2683
0.6745
-0.1827
0.7062
-0.5994
0.2828
-1.1776
0.0738
-0.1
0.0566
0.1656
-0.3389
-0.657
0.2298
-0.5997
0.5958
-0.3192
0.9864
0.1033
-0.2922
1.2619
0.2408
-0.3793
0.7965
-0.0741
-0.7545
-0.3281
0.0464
0.8292
-0.5566
-0.7863
-0.9121
0.3652
0.0552
0.028
0.0025
0.1012
0.8867
0.092
-0.1717
-0.997
-1.4887
-0.4096
0.3701
-0.7166
-0.2072
-0.6068
-0.0713
0.8268
0.2975
-1.005
1.4956
-1.502
0.152
1.6777
-0.2368
-0.4312
-1.0475
1.6549
0.7176
-0.3521
0.9977
0.4264
0.0164
0.2188
-0.3451
0.1691
0.8446
0.3055
-0.0777
-0.385
0.179
0.9414
0.4401
0.5271
0.5084
0.3473
0.2086
-0.8508
0.0016
-0.6362
1.2157
0.0324
-0.2363
0.1276
-0.5009
-0.1217
0.2811
0.0842
0.5554
0.419
-0.1414
-0.2848
-0.5839
-0.0238
0.2517
0.4221
0.0426
-0.9553
0.1297
-0.2981
-0.4887
1.643
0.3673
0.0016
0.9399
0.3656
-0.0357
0.3482
-0.6274
0.1205
-0.3635
-0.3897
0.5564
-1.8326
0.1847
0.2405
-0.1721
0.7235
0.7764
0.1145
-0.3976
0.1859
-0.9061
-0.5359
0.0783
-0.8095
0.8663
-0.1477
0.254
-0.326
1.0033
0.3504
0.7328
-0.166
-0.3271
0.7513
-0.3775
0.1274
0.3637
-1.0401
0.8261
-0.1626
-0.1482
-0.6968
-0.1862
0.203
-0.4881
0.7224
0.2115
1.0396
0.427
0.1773
0.1471
-0.166
-0.6015
0.6021
-0.2582
0.0983
-0.1028
-0.6438
0.747
-0.2026
-0.4138
0.2271
0.6257
0.4311
-0.1921
-1.0343
0.0865
-0.7751
0.1205
0.0776
-0.294
1.7077
0.2027
0.1168
-0.0137
-0.2418
-0.487
0.2819
0.3302
0.068
-0.4136
0.6145
-0.3876
0.3157
1.0295
-0.083
0.0362
-0.1728
-1.2798
-1.1241
0.2525
-0.1869
-1.6841
-0.6699
0.4137
-0.3915
-0.435
0.1584
1.137
0.5719
-1.585
0.8112
1.2298
0.1952
-1.78
-0.1138
-0.6092
0.1417
-0.4476
-1.1866
-1.1112
0.5189
2.1235
-0.3678
-0.9117
-8e-04
0.9741
-0.5271
-0.0883
0.4869
-0.9084
0.5487
2.1565
-0.2098
0.7865
-0.7249
0.2494
-0.675
0.147
0.4016
-1.0869
-1.2967
-0.4894
-0.1383
0.192
1.8555
-0.8478
-0.7077
1.6625
0.6321
-0.0378
-0.41
1.2152
-0.1478
-0.4496
0.5107
0.2239
-0.0711
-0.2806
-0.3363
-0.4349
0.4629
-0.3986
0.116
1.3696
0.7662
0.1582
0.3715
-0.367
0.1002
-0.4489
0.2374
-0.0748
0.5166
0.192
0.0836
-0.1187
0.5515
0.1709
-0.9891
-0.4799
0.3787
0.0477
1.0357
0.3861
-0.1358
0.2568
0.1152
-0.2679
0.5722
-0.5396
-0.2466
0.8815
0.7524
0.018
0.1713
-0.2263
-0.3391
0.2096
1.206
0.2237
-0.2682
0.0793
0.2043
-0.2564
0.9541
0.2047
0.2519
-0.3659
0.1283
0.0849
0.12
0.6152
0.0261
0.3514
0.4963
-0.8452
0.0428
7e-04
-0.7351
-0.0344
-0.2223
1.1346
0.2218
0.2083
-0.5333
0.1865
0.2549
0.6356
0.2404
0.2284
0.1029
-0.05
0.1649
0.2338
-0.3656
-1.3555
0.3444
0.9202
0.0822
-0.2799
0.8885
0.4003
-0.1315
-0.3971
0.1812
0.227
-0.1047
0.1169
0.8689
0.1122
-0.323
0.2158
-0.1417
-0.3674
-0.5316
0.4352
0.7015
-0.1479
-0.4513
-0.1199
0.1228
-0.6085
0.222
-0.0517
0.194
0.634
0.4853
0.0818
-0.0894
-0.2971
0.2895
-0.5278
0.3542
0.8501
-1.127
-0.1208
-0.1097
0.5772
0.6593
0.5354
0.1694
-0.0967
0.0698
0.1395
-0.1179
-0.7077
-0.3261
0.7597
0.7644
0.1038
-0.0872
0.2844
-0.1404
-0.0858
-0.3564
-0.1254
-3.4725
0.5561
-0.2594
-1.1403
-0.9408
1.5494
-0.2465
0.7127
0.0678
0.268
-2.0368
0.6691
0.3684
-0.3828
1.0894
0.6333
1.7081
-0.0348
0.1094
0.0968
-0.6184
-0.7966
0.374
-0.1174
0.2597
0.928
0.1113
0.305
0.0589
0.2617
-0.6573
0.6206
0.3488
1.0655
0.2145
0.0693
-0.1202
0.9261
-0.2304
-0.0351
1.0139
-0.0782
-0.012
-0.7831
0.2651
0.6472
0.4325
0.215
0.2564
-0.1166
0.3223
-1.3956
0.9641
-0.1793
-0.1304
0.8627
-0.0918
0.661
0.1543
-0.0643
-0.1207
-0.9703
0.5453
0.157
0.7984
0.0255
0.3737
0.1849
-0.5347
-0.8864
-1.757
1.137
0.0962
-1.0682
1.5184
0.4816
0.6527
-0.1213
0.1731
-1.3601
0.618
-1.2896
-0.3208
-0.3238
0.9009
-0.0418
-0.1567
1.0696
0.358
0.0348
0.3304
0.0921
-1.4185
0.5721
1.9055
0.3101
-0.1919
-0.0097
-0.2065
0.4469
-1.2221
0.4869
-1.9804
0.4666
-2.3338
-1.5992
1.0254
-1.2647
0.7243
0.4359
-2.6586
2.4151
0.6159
1.4072
-2.965
0.0379
-0.0495
-1.8157
-1.3908
0.3249
2.4566
-0.027
0.1086
1.1713
-0.1072
1.1535
-0.8504
-2.3473
2.1922
-0.4181
1.1217
1.0468
-1.1501
0.4252
-1.6908
-0.1273
1.3632
0.0048
0.842
0.0202
-0.512
2.9208
0.6086
-0.6723
0.4609
-0.5256
-0.0343
0.5411
0.3907
-0.3023
1.329
-0.0265
-0.4552
0.2111
0.956
-0.3217
0.8096
-0.1712
-0.5158
0.4754
-0.8381
-0.6573
0.1761
-0.0753
-2.5616
0.3798
0.8803
-0.2441
-0.0976
1.3788
0.3713
-0.6463
1.1992
-2.6424
0.0802
-0.4955
1.2049
-2.937
-0.0576
-1.4287
-0.9988
2.9093
-0.7069
-1.3212
0.523
-1.746
0.4486
-1.5927
1.689
-2.3239
1.493
2.856
0.0476
0.777
-0.5887
-0.654
1.519
1.5037
-0.1778
0.751
-2.5271
0.605
0.1224
-1.3746
-1.5021
0.628
-0.1361
0.49
1.667
0.8077
0.0809
-1.4282
0.1504
-0.6852
-1.4438
0
-2.4552
0.3223
-1.8352
1.3624
0.7948
-1.3595
1.0871
-2.4925
-0.5612
-2.9093
-0.6045
-1.1085
2.1442
1.0063
-1.5872
1.7548
0.616
-0.4764
1.6772
1.2237
-1.0463
-3.1995
-0.7624
0.7886
-0.4204
0.5889
0.7266
1.3604
-1.3421
0.0838
-0.0896
0.8341
-1.2867
0.7881
1.3813
0.6918
-0.0919
-0.8942
-2.709
0.0534
-0.3448
0.5238
-2.2014
-0.841
-1.5463
3.713
-0.8996
0.5127
-2.0783
-0.8959
4.241
-2.4287
2.3944
1.5321
0.2304
-0.8766
-1.146
-0.795
0.5687
3.5896
-0.1934
0.1302
0.0796
0.1562
-0.51
-0.8092
0.4474
-2.0374
-0.3384
0.46
2.2691
0.0623
1.8139
-0.1554
-0.881
0.29
0.6442
0.6495
-0.1052
-0.3889
-0.3846
1.7141
0.3236
-0.4534
0.7652
-1.8114
0.367
-0.6725
1.1021
-0.0385
0.4006
1.0584
0.125
0.0898
-0.9274
-1.6054
0.2617
-1.321
0.6846
0.3963
0.5335
0.1516
-1.0504
-0.5788
-0.0327
1.9496
-3.0889
0.0794
-0.2438
-1.6894
0.328
1.5046
0.0081
-0.6771
-0.9712
0.3752
-1.8543
0.0053
-0.2815
0.5843
-2.9365
-0.3717
0.1267
0.3836
-1.8204
0.1094
-0.8385
1.708
-2.2776
0.699
-1.109
-0.9028
-1.0901
2.5064
1.2013
0.0286
-0.0539
1.3492
0.4064
-2.3124
0.4168
-1.8597
2.3356
1.6672
-1.3144
-0.5578
-0.8966
2.8719
0.3354
-1.7934
2.3893
0.6943
-1.2051
-0.2916
0.5522
0.4076
-1.5098
-0.9315
0.6197
0.2495
1.1333
-1.9625
0.3686
0.7983
1.484
-1.3724
-0.4093
-0.2035
-2.9922
0.4431
2.051
-3.4138
0.6149
1.3806
0.2122
-4.7136
1.7523
-4.7141
4.3342
4.0257
-3.8237
-1.5633
-0.1978
1.9657
0.3382
-8.8068
5.4175
-0.4544
-4.0291
-1.3507
-3.8518
-5.7395
-1.1333
-7.6167
-1.1759
11.58
-0.5322
-9.035
4.2507
-0.6213
4.7685
-3.08
-6.1012
1.2634
-3.4511
-3.1764
10.789
-1.1079
2.5804
1.5365
-0.2529
4.0826
-5.2677
-5.0264
2.8855
-1.2653
-2.2041
-5.1894
6.9213
-4.1699
-2.581
0.9838
-6.1156
-6.7123
6.3248
6.4723
0.6551
3.5328
0.9643
-8.9295
3.9941
2.5836
-2.9308
3.6499
3.8387
-2.3118
1.1894
-2.8524
0.7028
-1.2686
5.136
-0.9593
-2.1163
0.2937
-1.8302
-0.9717
0.5781
0.5356
-0.3873
2.4407
1.4158
3.1608
-0.4668
0.7817
-3.001
0.3397
-2.1303
-2.2564
0.1758
-3.346
0.1329
0.7562
-5.2816
4.3491
-1.5162
0.5378
0.5553
1.0926
3.3558
-3.312
-2.2789
-0.0533
1.5834
-0.749
1.6366
2.6896
0.1485
-4.9121
0.7955
0.1739
-0.9998
-4.5559
-0.095
-1.2024
-1.1413
-3.4699
4.0103
-1.0658
-1.578
-2.3564
-4.662
-0.6407
2.3753
-4.2532
0.1216
-1.0024
6.3663
0.2446
4.0729
0.7739
-0.3516
3.214
2.0858
-1.2979
-1.9769
7.0758
-2.0415
0.9626
2.332
-2.0316
-3.4819
1.313
1.6557
2.8727
0.9732
-0.8332
-2.3855
1.1783
3.8053
0.2533
-2.0064
1.2549
1.5539
0.4969
-4.279
2.1252
-0.7682
0.9922
1.6797
-1.0067
-0.2741
2.161
-0.095
0.5396
3.3868
-0.3792
1.7404
-1.3202
2.4069
-2.1512
-0.0979
-2.6895
1.0352
-1.141
3.0389
-0.1737
-0.5131
-1.6758
-0.1497
2.6302
-1.8971
1.5419
1.3575
2.5818
0.1983
-1.3739
1.1484
-0.2515
-0.1011
0.3503
-0.348
0.6112
0.1397
-2.3769
-1.272
-0.1382
0.8411
0.3114
-3.06
0.2307
0.6524
2.1444
-0.1478
0.9065
-0.8531
0.4362
-2.9145
0.2566
-1.9683
-0.1669
0.3547
-0.4022
2.4934
0.5316
2.963
0.8642
-0.0383
1.1432
0.3627
-0.0534
2.329
0.3042
0.2982
-0.2606
-0.4563
1.1896
0.074
1.5342
0.3012
-0.2914
-0.5625
1.3439
-0.3345
-1.266
1.1525
0.688
-0.8531
-2.4261
1.0146
0.6861
1.0949
1.8623
-0.0546
0.2369
0.0117
0.2782
-0.1988
-0.8076
-2.2124
-0.3296
0.8535
1.3118
0.8845
0.7782
1.0422
-0.135
0.6339
0.3135
1.5324
-0.306
0.2637
-0.3407
0.6575
-1.0069
-0.9511
-0.6091
1.781
-0.223
-0.3328
-2.576
-0.4506
1.4875
1.3705
0.2712
0.747
0.5641
0.4386
-0.2788
1.7546
0.4157
-0.8098
0.9405
-0.6239
-0.8854
1.0644
-1.2179
-1.1717
-0.3318
-1.9541
2.252
-2.8065
0.6456
0.2426
0.1043
1.9236
0.2503
2.2239
-0.0064
0.5032
-1.0259
0.5739
1.4468
0.0919
-0.0468
-1.3426
-0.3215
1.3616
-0.0533
0.4504
-1.7233
0.3793
1.2075
0.0343
-0.8402
0.5509
-0.2468
-1.0252
0.3672
0.584
0.3683
0.6959
-0.5547
0.1128
-1.1811
0.583
1.0504
0.3564
0.2299
0.5256
0.1154
-0.1401
0.0195
-1.005
1.6043
0.3116
0.0546
0.4001
0.2882
0.1747
-0.9381
0.8326
0.2426
-1.0823
1.25
-1.0598
-1.8945
-2.2141
0.4598
-0.4203
0.488
-1.1818
-0.9829
1.4266
1.2973
-0.5474
-3.1141
0.2897
-0.8863
1.304
-0.2233
0.968
-0.2745
1.8001
0.4238
0.6585
0.2187
-0.1046
-1.2103
0.972
-0.2081
0.1405
1.0159
0.233
0.0429
0.3736
1.4007
-0.0176
0.1713
0.4525
0.4042
-0.0217
0.0452
0.7779
0.5822
-0.0326
-0.5086
0.5095
0.7171
-0.5493
-0.1704
0.0738
0.5683
0.0043
-0.3273
0.7414
0.7928
0.1684
-0.5877
0.3374
0.6684
0.1767
0.0685
1.115
0.0843
-1.6127
0.4521
0.8058
-0.1019
0.2264
0.7124
-0.4296
-2.3382
0.6463
1.2943
-1.6648
1.3121
-2.3838
-0.6587
-3.2353
-1.5308
4.3974
-0.3397
1.374
-1.2145
-1.88
0.1109
-1.4196
-0.513
-3.8976
1.5024
-1.2908
0.0354
-0.5661
3.2876
-1.2375
-1.7165
2.5843
0.4051
-3.4411
-1.3532
1.0976
-0.5942
2.9507
0.438
-0.1805
2.3494
-0.0556
0.1283
0.1317
-0.3857
-1.6071
-0.2985
-1.6804
0.2859
-0.2034
-3.1017
-1.0113
-0.324
-0.4662
0.5359
3.1331
0.9413
0.7204
0.0733
1.5379
-0.0155
0.1196
-2.8819
0.5982
1.1417
-1.282
2.2513
0.822
1.12
-0.1049
-0.6922
-0.4159
0.0063
2.2023
-0.4796
0.6051
-0.1269
-0.3704
0.5483
-0.5967
-2.8179
-0.5379
-0.4024
0.012
1.2192
0.1483
-1.6935
-0.3663
-0.404
-1.4512
0.3289
-0.7685
1.6587
-1.4719
0.0391
2.9505
0.9081
1.3219
-1.1471
0.6439
0.4832
0.4863
1.1131
-0.0713
0.3541
-0.0364
0.0827
1.521
-0.2564
-0.4825
-0.8331
2.1194
-0.5667
0.485
-0.2588
-0.3084
0.4416
-0.8035
2.0861
-0.0672
-0.1647
0.6122
0.0146
0.3819
0.7121
-0.3641
0.2027
0.7244
-1.5877
1.0524
0.1774
0.2389
0.2147
0.0017
-0.2691
0.1125
-0.0439
0.0947
0.7759
0.3678
1.9283
0.3923
-0.2121
-0.8052
0.4376
-0.4242
-1.1808
-0.1217
-1.6205
0.0212
1.5357
0.254
-0.1575
-1.4284
1.4923
-0.7469
-0.1379
-0.607
2.1617
1.2819
0.2603
-0.1298
0.0515
0.3702
0.3843
0.6002
0.0048
0.0911
-0.5122
0.6185
0.0837
0.2548
0.603
0.338
-0.1644
0.0613
0.0771
0.1009
-0.1508
-0.0191
1.1315
-0.1313
0.5007
-0.2123
-0.1845
-0.1376
0.3725
0.9008
-0.1711
0.7385
0.1376
-1.0116
-0.1295
0.2414
0.5836
0.0263
0.4221
0.2244
-1.7853
0.7663
1.6694
-0.2723
0.2354
0.2884
0.624
0.4185
-0.2786
0.0749
0.5507
0.2385
-0.3235
0.6257
0.3076
0.1925
-2.0529
-0.6112
-0.0994
1.0551
0.5561
-1.574
0.1615
1.7219
-0.7378
-0.8341
0.8923
-0.1362
-1.8871
0.7081
-0.6049
-1.12
-1.9495
1.3398
0.431
1.4986
-0.3551
0.2914
0.9341
0.3161
-0.2748
0.706
0.6685
-0.183
0.4963
0.0345
-0.018
0.2184
-0.152
-0.4004
-0.2793
-0.7777
0.019
0.0084
0.3925
-1.1018
0.5731
1.3515
0.5277
-0.1593
0.898
0.625
0.3555
0.2301
-0.1753
-0.3379
-0.6855
-0.907
0.382
0.4544
0.8074
-1.1111
0.4895
-0.8067
-0.6204
-0.0369
0.8804
0.2178
-0.7688
-1.1926
-0.0827
0.3183
0.3953
0.4081
1.0593
-2.2785
-0.1225
-0.9734
-1.076
-0.0956
-0.4187
0.7377
-1.398
0.0669
1.2612
-1.7432
0.1754
0.3045
0.5395
1.3423
-0.6468
-0.2828
-1.1726
0.9184
1.2944
0.8283
1.0119
1.441
-0.1336
0.1002
1.0454
-0.6961
-1.8091
-0.4434
0.3106
-0.6716
0.5554
-0.813
1.6309
-0.0671
1.3546
0.0908
-0.5643
-0.4105
-2.0309
-0.3234
-0.6451
-0.4132
-2.5557
0.5016
-4.782
-0.0575
-6.6634
4.7407
-4.4152
4.629
0.5262
2.1785
-0.9739
0.0947
-4.4594
-1.5009
0.0258
3.4285
1.312
-1.5566
1.5122
2.828
0.2347
0.4922
-1.1871
-2.5282
-0.7436
2.8646
-1.0612
-2.6705
0.6966
0.912
1.348
1.7187
0.5707
-0.9803
-0.1661
-2.939
-3.1883
0.6082
2.3336
1.0688
-2.0691
0.8114
-2.4974
-2.8451
2.2488
1.7866
1.8304
-0.8163
3.4125
0.0544
0.9795
-0.2974
1.738
-1.937
2.0419
-1.2649
0.4554
1.8809
1.2873
-2.0045
1.0537
3.4291
0.0389
-2.4738
-2.7942
1.6105
1.8782
-0.628
0.6296
1.1736
-3.6695
0.8624
1.9481
-0.955
0.4817
-1.6616
-1.68
-0.0395
-1.8648
-0.4141
-2.2095
-0.2686
2.924
0.2214
4.3315
-0.1909
-0.0241
1.0287
0.1106
0.2018
-2.1142
1.6883
-1.4914
-0.8686
-1.1348
0.3243
0.3216
-1.1733
2.9825
0.195
0.8266
0.9035
0.0079
-1.2478
1.0707
-0.4291
1.5474
0.0188
0.2944
-0.2537
0.2262
0.8886
0.031
0.2337
-0.4948
0.3553
1.1108
0.4939
0.0669
0.0471
-0.1026
0.8679
-0.5754
-0.1593
-0.2522
-0.0457
0.89
0.1095
1.4605
-0.0424
0.2023
0.216
0.1474
-0.6886
0.68
-0.094
-0.5383
1.1026
0.2349
0.072
-0.334
0.4272
0.1672
0.1355
0.3356
-0.4737
0.6158
-0.3246
-0.387
-1.537
0.6901
0.9818
0.3631
0.016
1.8132
-0.1196
0.5967
0.1119
0.3974
-0.3001
-0.1871
-0.7207
0.3109
1.3886
-0.2817
-0.4942
-0.1608
0.3698
0.7505
-0.3989
-1.0203
-0.0629
-1.1358
-1.7081
0.7449
1.3779
-1.2475
-0.0504
1.5487
-0.4055
-0.5934
0.1169
-0.8408
0.368
1.3645
0.668
0.2414
-0.3884
0.5658
-0.2497
-0.7659
-1.6147
0.0351
-0.4279
-0.6702
0.2517
-0.3387
-1.1113
-0.5746
-0.4404
-1.5051
-0.7388
1.6036
0.0486
0.1694
0.138
-0.2166
1.1079
-1.4335
-0.2277
-2.4643
0.011
0.5727
2.3049
-0.0106
0.8114
-1.262
1.1651
-0.7023
1.0815
1.0338
0.1445
0.9816
-0.1686
-2.2262
0.7175
-1.5955
0.4773
0.8985
-0.211
2.492
0.2459
0.6232
-0.4687
-0.9433
-0.1639
-0.8126
-0.0015
-0.4987
1.6497
-0.2314
0.741
0.668
0.2717
-1.0062
-0.8909
-0.9041
-0.0314
1.6541
1.9081
-0.0483
-0.4317
-0.29
-0.7504
1.904
0.2329
0.5107
0.0621
0.0414
0.2188
-0.1252
-0.0128
0.114
0.7101
0.1872
-0.0021
-0.3498
0.0226
-0.8072
0.6455
-0.0489
-0.0808
0.0844
-0.7806
0.5073
-0.1166
-0.1068
2.0436
0.405
-0.6148
0.3135
0.2093
1.631
0.3959
-0.3125
-0.128
0.1186
-0.0541
-0.0075
-0.2233
-1.0502
-0.5737
0.9649
-0.4478
0.2652
0.0872
0.3624
0.7174
-0.0322
-0.3457
-0.9891
-0.6188
0.0195
-0.2966
0.8078
1.027
0.4117
-0.2444
-1.6571
0.044
-1.4444
-0.3085
0.2996
-0.0729
0.0156
1.0926
-0.9379
0.2164
0.7853
-2.3705
-1.2205
0.1699
0.013
-0.3985
-1.3852
-0.1594
0.484
1.9862
0.0663
0.232
1.3026
-0.203
-0.5227
0.7856
0.427
0.0163
-0.4745
-0.171
0.1585
0.3307
0.2921
0.0339
0.6549
0.0448
-0.6321
-0.4135
1.1871
1.1487
-0.7589
0.5488
-0.9379
-0.244
-0.4787
-0.1218
-1.105
1.6942
2.5403
-0.2086
0.4865
-0.3123
-0.3242
0.2656
0.7597
-0.0048
-0.0931
0.1129
0.0197
0.5643
0.3403
0.4428
0.1507
7e-04
0.5445
-0.185
0.5106
-0.39
-0.2563
1.0053
-1.1539
1.0417
0.0549
-0.1805
0.5658
-0.0606
0.1595
0.0592
0.0691
-0.1045
0.7336
-1.2404
-0.6303
0.8772
-1.831
0.6109
1.2726
-0.0864
0.2324
0.4611
0.9566
0.1085
0.1816
0.4481
0.3249
-0.2403
0.1314
0.5603
-0.1618
-0.551
-0.2423
0.6697
-0.8282
0.7174
-0.334
0.7785
-0.0588
0.4057
-0.4474
0.5172
-1.0546
0.4048
-0.4295
0.6303
0.3544
1.2189
0.3552
-0.2837
-2.2966
1.4307
-1.4328
-0.6701
0.8848
0.4662
1.0419
6e-04
0.4035
-0.1842
0.7186
0.2485
-0.9308
0.9408
1.0535
0.1908
0.523
0.4139
-0.3687
0.4322
0.0043
1.0142
0.5114
-0.501
1.03
-0.0708
0.1722
-0.8274
-0.2924
-0.0551
0.6341
-0.7048
0.367
-1.4307
0.5936
-0.5511
-1.378
0.849
1.2832
-0.0347
-1.0153
-0.837
1.4784
-0.5885
0.7567
0.7791
-1.3851
-2.501
0.267
-1.2145
0.9497
0.959
0.62
-0.429
0.5404
-0.0545
0.0824
1.0202
0.5252
0.723
0.0182
1.3554
0.3086
0.1375
-0.3709
0.2774
0.5033
0.161
0.2033
-0.1852
-0.3811
0.2556
0.0828
-0.3736
0.0374
-0.0136
1.2541
0.164
-0.148
-0.5723
-0.3806
0.3885
-0.357
-0.1153
0.2776
-0.5177
-1.4282
-0.3305
-0.59
0.3821
-0.578
0.8619
0.3947
-0.404
-1.5874
0.2748
0.1963
-0.3174
0.4164
0.8117
0.121
0.0054
0.9993
0.7346
0.3052
-0.338
0.2715
0.5693
0.4218
1.2178
-0.1843
-0.7217
-0.472
-0.2597
-0.2739
0.3485
-0.4074
-0.6029
0.7999
-0.0667
-0.8979
0.7053
-0.8506
-1.2332
0.0574
2.183
0.6286
0.4075
-0.7064
1.3828
0.6744
0.6549
0.0092
0.5738
-0.4725
0.3258
0.4395
0.133
0.5584
-0.4876
-0.3839
0.2903
0.3571
-0.2806
0.4266
-1.3183
1.3428
0.0723
-0.237
0.8095
0.4837
0.4222
-0.3698
-0.2043
-0.3636
0.8129
0.4961
-0.1263
0.015
0.2485
-0.0786
-0.2719
-0.3193
-0.1303
-0.434
1.1238
0.1817
-0.318
-1.1317
-0.3771
-0.0101
0.632
-0.3101
1.6648
-0.058
0.4819
0.5318
0.2916
0.4746
-0.0337
-0.0179
0.396
-0.8862
-0.0333
-0.2512
0.6082
-0.0212
0.0348
0.2307
-1.2576
1.0818
0.5166
-0.1347
-0.3895
0.2774
0.0575
-0.889
-2.0875
-0.4876
0.6141
-1.0209
1.1267
-0.6465
-2.2832
0.7641
-0.2028
1.244
1.3302
0.1569
1.1062
-0.0269
0.581
0.4809
0.1158
-0.6524
0.6031
-0.1919
0.6187
-0.1348
0.0022
0.4948
0.2783
-0.7379
1.5268
-0.0053
0.1718
0.0538
-0.0463
-0.5082
0.0305
-1.1701
-0.2822
0.9614
0.722
-0.6132
0.6041
-0.2933
-0.4865
0.4404
-0.7
-0.19
0.464
0.7924
0.7039
0.2853
-0.1126
-1.2537
-1.075
0.3751
1.0918
-2.0885
-0.9487
0.8217
0.6757
1.0488
0.1364
0.3775
0.4092
-0.2213
0.1717
-0.8096
0.3236
0.4761
0.2992
-0.0143
-0.1348
0.1871
-0.8988
0.5616
-0.1374
0.1519
0.9673
0.0422
-0.4701
-0.9362
0.3747
0.3845
-0.6498
0.8116
0.2362
0.4248
0.5988
-0.1114
0.5367
0.1844
0.0728
-0.0379
0.1892
0.6525
0.4628
0.0939
-0.0246
-0.3537
-0.7089
0.3135
0.0837
0.2173
0.7719
0.1277
0.173
-0.0132
-0.6435
0.4898
-0.1179
0.1911
-0.0372
0.6678
0.0659
0.548
-0.3924
-0.7049
0.4644
-0.4131
0.1471
0.4844
-0.1932
0.4201
-1.1834
1.0265
-0.232
0.5016
0.1754
0.0488
-0.4849
0.0288
-0.4528
0.0061
-1.9999
-0.2859
0.7189
-0.9685
0.0016
-0.5557
1.1531
0.2759
-0.1637
0.6707
0.4346
-0.0061
0.8532
0.5001
0.2478
0.295
-0.1993
0.4788
0.1051
0.005
-0.169
0.332
-0.0544
-0.0779
-0.1534
0.5036
-0.3073
-0.6545
0.3646
0.0882
-0.5963
-0.071
0.7484
0.1296
0.4891
-0.0477
-0.8013
-0.5777
0.7832
-1.6169
0.8576
-0.2547
-0.2786
-1.3249
5e-04
1.1166
-0.1565
-1.5126
1.7462
-2.0661
-1.1451
-1.6468
0.1579
-0.81
0.0145
1.2884
0.9143
1.9574
-0.7299
1.2303
0.7053
-0.1502
1.1939
-0.1385
0.623
1.1731
-0.0119
-0.283
0.57
0.3776
0.035
0.312
0.0697
-0.0701
0.053
0.024
0.0735
0.5134
-0.1501
0.1967
0.5237
0.2864
-0.115
0.2806
-0.2542
-0.6829
0.6384
0.3765
-0.1162
0.1665
-0.7257
-0.0238
-1.6351
0.4536
-1.6214
-0.6343
-0.8489
2.0352
2.4015
0.457
0.381
0.1746
-0.0139
0.331
0.0862
-0.4889
-1.0311
-0.034
-1.8278
-0.8893
1.163
1.7888
-0.8404
-0.8094
-0.2579
-0.5813
-0.9248
1.3424
0.155
0.4732
1.527
-0.5492
0.2568
-1.3388
-1.3496
0.9535
-1.2992
1.2962
1.4439
-0.4156
1.0291
-0.3418
-0.4247
1.0676
-0.0029
0.9645
0.4075
0.1598
-0.0314
-0.1062
0.6127
-0.0303
0.2759
-0.0766
-0.1476
-0.2956
0.6125
-0.4539
-0.4389
0.1196
-1.4174
0.3944
-1.6961
-0.1918
1.2601
-0.6075
1.3534
-0.332
1.2158
-0.4873
0.9013
-0.1746
-0.6139
-1.4559
-0.2377
0.2369
1.2237
-0.8796
-0.3965
0.353
0.6609
-0.2062
0.2683
0.4457
0.5203
-0.4581
0.163
0.5148
-0.0778
-1.1311
0.9235
-0.1481
0.5087
0.2358
0.2253
-0.4141
0.2769
-0.374
-1.0129
1.0923
0.2941
-1.1837
-0.4456
0.3774
1.3458
-0.509
-0.295
-0.0305
1.0779
0.0768
0.3048
-0.0643
-0.0931
0.2338
-0.2234
-1.0282
0.9163
-0.1267
-0.6318
0.2059
-0.1009
0.2119
-0.8623
-0.1436
-0.6475
0.0418
1.2042
0.1739
-0.6994
-0.4623
0.569
0.198
0.9903
-0.5304
0.6095
0.0636
-0.7353
-0.2974
-0.039
-2.0866
0.2658
0.6936
-0.0308
-0.3862
0.6081
-1.6653
0.2262
1.2338
1.1066
0.4453
-0.0735
0.8015
0.1106
0.0771
-0.4262
-0.2388
-0.5676
-1.0703
-0.5775
1.2386
0.7319
0.0028
-0.2272
-0.2757
-0.225
0.3115
-0.7753
-0.2875
1.2808
-0.9557
0.095
-0.1275
0.3912
0.5211
-0.2626
-0.8255
-2.11
-3.1851
-3.9414
-1.3522
3.9034
2.4298
0.0609
-0.8392
-2.9576
1.8293
0.1165
-1.533
2.5083
-1.3898
0.5278
0.4487
-0.409
1.2831
0.8705
-0.2561
-1.6164
0.4566
-1.2318
-0.2049
-0.3363
-0.0466
-2.5666
0.1233
1.9076
0.1974
1.4315
1.829
-0.3588
0.8036
0.8818
0.0725
0.1275
-0.6825
-0.4716
1.4853
0.457
0.0271
-0.1421
-0.5825
1.6628
1.103
-0.1913
-0.2554
1.184
-0.045
-0.481
1.1874
0.2728
-0.3545
-0.1132
-0.0348
-0.9823
0.1511
-0.3228
-1.399
-1.1207
1.4903
-0.1339
1.6162
-0.1123
0.381
-0.1235
0.1222
-0.0129
0.0594
-0.4641
1.0681
-1.0996
-1.4374
2.0526
-0.699
-0.649
-0.7739
0.2251
-1.9423
0.4756
1.0619
1.4515
-1.5041
-1.7797
0.7778
0.8817
1.2418
-0.1599
-0.2179
1.063
-0.7217
-0.9412
-1.5304
0.2012
-1.3115
-2.37
-1.0838
0.0853
0.7803
-2.4965
1.6696
-2.1599
0.0532
-1.1694
0.5195
2.0284
-1.5638
1.4144
-1.0863
0.5529
2.476
-0.0443
-1.8743
0.4992
0.1527
-1.8481
-1.4154
-0.0664
-0.0189
-1.2301
1.9518
1.6517
1.648
-0.4666
-0.0026
1.4454
-1.2454
0.444
1.1348
-0.187
-0.8121
2.3869
0.4094
0.3499
0.3306
0.0885
-1.124
0.5052
0.0156
1.6396
-0.1261
-0.1837
0.56
0.6595
0.4406
0.0986
-0.0877
-0.6386
-0.0378
0.0545
0.8817
0.435
-0.204
0.6331
-0.3208
-1.0144
1.0508
-1.1976
0.2787
-0.274
0.9662
1.004
0.0173
-0.0984
0.6541
0.3084
0.0762
-0.5194
0.0048
-0.1812
0.1873
0.1649
-0.9231
-0.5063
0.781
-0.8677
-0.5937
-0.0239
0.3175
0.0753
1.2484
-0.9562
-0.0169
-0.8478
0.9797
-0.9411
0.0205
-0.3707
0.602
-0.2085
1.3681
0.6975
-0.021
0.4287
-0.1005
0.1135
0.2825
-0.2912
0.4897
0.1289
0.331
-0.1718
-0.9175
-0.8115
-0.1799
-0.1841
0.3133
-0.3258
0.5808
0.2712
-0.1652
1.3364
-3.592
-1.8097
1.777
1.7033
1.3565
0.1949
-0.6847
0.5353
-0.0872
1.5253
0.3409
0.7009
0.0135
0.5259
-0.0929
0.2382
-0.1435
0.427
-0.3613
0.4554
-0.3011
0.0323
-0.1199
0.1606
0.1631
-0.127
-0.6362
0.3134
0.0213
0.8603
-0.0907
0.039
-0.2865
0.4735
-0.0796
0.2793
-0.5479
0.1869
0.22
-0.144
-0.0563
0.1952
-0.524
-0.1365
-0.1579
0.5228
-0.1954
-0.2376
-0.0041
0.4201
0.2982
-0.0146
-0.2223
-2.4522
1.4677
-1.4831
-0.0588
1.0109
-0.3772
-0.0019
0.0299
1.0917
0.65
-0.5737
-0.8588
0.6444
0.5297
-0.9321
0.7968
-0.3261
-0.4956
0.4297
0.0482
-0.3253
0.4606
-1.2446
0.1147
-0.3099
0.0202
-0.3038
0.616
0.2192
-0.1376
-0.0084
0.475
-0.3798
-0.174
-0.2987
-0.3108
-0.0122
-0.6787
-0.6526
-0.4423
-0.1666
2.2224
0.3772
1.1077
0.1951
-0.1398
-0.0116
0.7481
-0.1582
0.4676
-0.2387
0.7461
0.2165
0.0808
0.3914
-0.5255
0.1335
-0.2653
-0.3516
0.0397
0.5821
0.3411
1.3163
0.2159
0.5939
-0.1137
0.654
-0.8117
0.3883
-0.1751
0.1975
0.3638
-0.2457
-0.1863
0.5348
0
0.8865
0.703
0.1745
-0.1742
-0.5236
1.0526
-0.1736
-0.1739
0.1742
0
0.3478
-0.3466
0.8696
1.2069
0
0.6814
-1.3536
-0.5146
0.6897
0.5137
0.4898
0.1907
0.5076
0.1683
0.5042
0
0.5017
0.1664
0.4983
0.3306
0
0.659
0
0.1637
-0.1634
0
0.3273
-0.1631
0.9804
-0.3236
-0.1623
0
0.3252
0.3241
-0.1616
0.4854
-0.161
-0.3226
0.3236
0.8065
0.32
-0.1595
-0.7987
-0.161
0.3226
0.1608
-0.8026
0.6472
0.4823
0.48
0
-0.6369
0.1603
0.64
-0.6359
-0.32
0.1605
-1.2821
0.3247
0.3236
0.1613
0.3221
0.1605
0.4808
0.7975
0.9494
0
0
0.627
1.2461
-0.3077
0.1543
0.1541
0.1538
0.768
0.1524
-0.4566
0.6116
0.6079
0.3021
-1.3554
-0.458
0.4601
0.6107
0.4552
0.1511
0.905
0
0.299
0
-0.2981
0.8969
0.7407
0.1471
-0.1468
0
0
-3.0882
0.4552
0.4532
-1.6541
0.1529
1.5267
-0.1504
0
0.3012
0.7508
-0.4471
-0.5988
-0.6024
-1.0606
0
-0.4594
-0.7692
1.2403
-0.6126
0.9245
0.6107
0.1517
1.5152
0.597
0.5935
0.295
0.1471
0.8811
0.1456
-0.1454
0
0.2911
-0.1451
0.5814
-1.4451
-0.1466
0.1468
0.1466
0.2928
0.438
0.2907
0.2899
-0.7225
-0.7278
-0.5865
1.7699
0.4348
0.4329
-1.0057
-0.8708
-0.5857
1.3255
0.2907
-0.7246
0.438
0.2907
0.7246
1.0072
0.1425
-0.2845
-0.2853
-0.2861
0.5739
-0.2853
0.7153
0.4261
-0.2829
0.1418
0
0.4249
-0.141
-0.565
-0.4261
-0.2853
-1.1445
0.1447
1.0116
0.2861
0.7133
0.4249
0
-0.141
0.565
0.5618
0.6983
-0.2774
0.4172
0.554
0.2755
0.1374
0.1372
0.274
-0.4098
0.6859
0.1362
0
-0.5442
0.684
2.3098
0.5312
0.6605
0.1312
-0.1311
0.7874
0.5208
0.1295
0.2587
-0.6452
0
0.1299
-0.2594
-0.3901
0.9138
-0.2587
0
1.0376
-0.2567
0
0.5148
-0.128
0.5128
-2.6786
0.7864
-1.4304
-0.2639
0.6614
-0.5256
0.9247
0.3927
0.5215
0.3891
0
0.1292
0.2581
1.1583
-0.3817
-0.3831
0.5128
-0.5102
-0.641
0.129
0.2577
0.1285
1.2837
1.0139
0.6274
0.6234
-0.1239
-0.8685
0.6258
0.6219
0.3708
0.3695
-0.1227
0.8599
0
0.609
1.2106
-0.4785
-0.2404
0.4819
0
-0.9592
0.2421
0.4831
-2.1635
-0.9828
-4.8387
4.0417
-3.1328
-2.0699
2.9062
0.2567
1.5365
1.7654
1.7348
-0.7308
0.8589
0.2433
-0.6068
0.3663
1.9465
0.358
-0.2378
-1.4303
-1.6929
1.845
0.3623
0.2407
0.9604
1.4269
1.1723
-0.8111
-0.8178
0.4711
-0.2345
-2.4677
0.4819
0.2398
-2.3923
-1.8382
-0.9988
2.9004
-4.5343
1.7972
-1.261
-0.2554
2.8169
-1.4944
0.6321
0.6281
0.2497
1.1208
-0.1232
0.1233
2.0936
0
-1.0856
-1.4634
0.495
-1.601
-1.3767
2.0305
0
0.3731
-0.8674
1.625
-1.599
3
1.335
0.479
2.0262
0.2336
0.4662
-1.7401
0.3542
0.3529
-0.5862
0
0.4717
-0.5869
0.4723
0.5875
-0.5841
0.5875
0.4673
1.1628
0.9195
0.5695
0.2265
-0.678
-0.3413
0.3425
0.3413
0.907
-0.2247
-0.6757
0.2268
-0.905
0.9132
-0.5656
-0.7964
-2.4083
0.5875
0.1168
-0.7001
0.8226
-0.5828
0.5862
-0.9324
0.8235
1.5169
0.6897
0.7991
-0.5663
1.3667
0.5618
-0.2235
-0.112
0.4484
0
0.3348
-0.5562
1.4541
0.1103
-0.4405
-1.2168
-2.5756
0.2299
0.9174
0.5682
0.565
0.6742
0.558
0.5549
0.2207
-0.7709
0
0
-1.1099
1.0101
-0.7778
0
0.5599
0.3341
0.222
0.8859
1.3172
0.9751
0
-0.2146
0.3226
-0.6431
-1.726
-0.6586
0.663
-0.4391
0.3308
0
0.989
0.3264
-1.0846
0.5482
-0.6543
1.2075
0.3254
-0.4324
0.2171
0.325
-0.108
0.1081
0.9719
0
0.3209
-1.7058
-1.6269
-1.4333
1.0067
-2.99
-2.6256
1.6413
0.1153
0.8064
0.3429
-1.1389
0.2304
0.2299
-2.2936
-0.5869
0.4723
-1.6451
-0.2389
-0.8383
3.0193
0.5862
-1.282
-0.9445
1.1919
2.7091
0.1147
-1.4891
-3.6047
1.6888
-2.0166
0.6053
0.8424
-2.6253
-2.8186
1.0088
-1.7478
0.6353
1.1364
0.7491
0.9913
1.4724
0.2418
2.4125
-0.7067
-2.1352
-3.0303
0.75
-1.9851
2.9114
1.476
-1.2121
-1.3497
-1.2438
-1.5113
0.8951
-3.929
-0.6596
-3.5857
2.0661
2.4292
1.054
-0.1304
-3.7859
2.578
1.0582
0.1309
2.3529
-0.1277
0
-0.5115
1.0283
0.7634
-0.2525
2.2785
-0.7426
-0.3741
-0.5006
0.7547
1.4981
-1.353
-0.7481
1.5232
1.2993
0.9009
1.0291
1.0935
0.5186
-1.5478
-0.4342
1.0827
1.1157
0.3972
-0.0586
0.4985
0.5982
-0.4351
0.6118
-0.3475
1.3802
0.9745
-0.0568
-0.568
-0.1142
0.2574
0
-0.057
-0.4852
-0.9177
-0.5644
2.3141
1.0242
0.9575
-0.1534
1.5505
-0.5502
1.0235
-1.2596
2.3849
-0.7042
-1.4457
1.0794
-1.0405
0.4151
0.6613
1.5877
0.3773
1.2349
-0.716
0.5609
-0.1328
0.0532
0.638
0.0528
0.1584
0.1581
0.6842
0.2352
0.1043
1.4587
0.8472
-0.611
-0.4355
0.2573
-0.2823
1.4668
-1.6358
0.4899
-2.3733
-0.1051
-2.3415
-0.4849
-1.3265
1.5638
0.7563
1.4209
-0.2511
-2.3188
0.9224
-0.4839
-2.08
0.469
0.0549
-1.4819
0.7521
-0.7465
-0.7242
0.8417
1.5303
0.877
2.7438
1.6658
-0.8843
-0.6298
0.2905
-0.6056
0.1987
1.8374
-0.1038
1.4033
0.3332
-0.1533
-1.0233
0.5169
-0.4114
0.1549
1.8819
-0.1392
0.6968
0.6039
-1.0505
-0.5056
0.2032
1.0903
0.7775
0
0.5973
-0.2474
-0.496
-0.4487
1.4522
-0.0247
0.3209
0.5659
0.0489
0.2935
-0.0244
-0.4146
0.1469
0.2201
-4.6852
-2.7394
-0.2896
0.8448
2.7749
-1.2481
-0.2579
1.3835
-1.7982
-0.961
1.8096
1.9062
-0.0253
0.7333
-0.9538
-1.7486
0.1032
-0.1288
2.0124
-0.3035
-0.241
-0.5722
1.4067
2.2446
-0.0493
-0.1974
-1.9288
1.412
1.0443
-0.4429
-0.5932
0
0.1989
1.1911
-0.7847
-0.692
0
-1.0453
0.7042
0.3996
-0.1493
0.0997
-3.1608
0.771
1.9638
0.5003
-1.7919
0.6842
1.183
1.9403
-0.6833
0.9337
-0.779
-0.3435
-0.4924
0.4948
0.1477
-1.2783
1.6932
1.2733
0.8704
0
-0.4314
0.0963
0.9139
1.0963
-0.0471
-0.2359
1.4184
-0.6993
0.5634
0.7937
-0.1853
-0.1856
1.0693
0.046
0.5517
-0.3658
-0.8261
-0.1851
1.2517
0.4121
0.2736
0.1819
-0.227
-1.7288
-1.4815
1.5508
-0.0463
1.25
-0.1372
0.0916
0.0457
0.6859
0.9991
1.5737
-0.5312
0.2448
0.0666
1.0204
0.4392
-0.0875
0.919
-1.0841
0.0877
1.4017
-0.0432
-0.3025
0.6502
0.1723
1.6337
0.2538
0.2954
0.2945
0.1678
0.3769
0.8344
0.4137
0.412
0.4924
-0.6533
1.233
-3.4105
1.6814
0.7028
-0.3695
-0.8241
-0.0415
3.1172
0.0806
1.0874
0.0398
-0.1991
1.2769
0
0.4334
0.0392
0.4706
-1.249
1.6206
-2.1392
-0.5167
-4.3947
-1.9223
0.2557
-4.7174
-2.81
4.1303
1.234
-0.2177
0.9162
-4.3666
-4.8825
-0.6179
1.1478
-9.74
1.6239
-0.4124
-1.0352
-3.8964
1.0612
0.3231
-6.0118
10.7367
2.4755
2.6673
-2.3039
2.86
1.4634
-5.2404
-0.8118
-0.5627
5.5041
4.1931
-0.2808
0.6335
3.101
-1.2212
1.0073
0.6346
0.4955
-5.4236
2.7962
1.9364
-1.1759
2.7689
-0.1113
2.1846
0.2618
-2.0017
-0.5773
2.8584
0.7599
1.0558
1.6631
0.4614
-2.7975
-1.5464
0.349
4.6087
0.9975
0.7819
-1.3679
-0.4761
1.3727
-2.1953
2.4544
-0.7781
0.9492
0.0409
1.7573
-0.1606
2.1722
-0.2756
1.3423
1.1687
-2.2333
-2.3828
-0.3026
4.0469
0.2528
0.0194
0.8146
-0.404
2.202
-2.5515
-0.6982
0.0391
0.0781
1.7558
0.7094
1.009
-0.2639
2.0408
0.2222
-1.0347
0.3361
0.5955
1.6278
-3.4583
1.7345
-1.705
0.6787
1.8727
0.625
0
0
-3.0325
0.1884
0.4513
0.3744
0.1492
1.527
3.5216
0.2126
0.7779
0.0351
0.6314
-1.4639
0.1769
0.3884
0.7035
-0.489
0.702
0.244
0.6259
-0.0346
1.4863
0.9537
0.3036
2.1527
0.922
0.2936
1.5615
0.8328
-4.1614
-4.7067
2.1217
-2.3842
1.3259
0.4132
-2.572
1.7599
1.4182
-0.5798
-2.4357
-1.4768
-2.0343
2.4408
0.7468
-1.0942
0.8922
2.2993
0.4495
1.136
0.7488
-1.8919
0.7231
0.2735
0.375
0.5435
1.3514
2.6667
0.974
-1.2219
-1.5951
0.8601
-0.5904
-1.6496
0.2013
-1.0044
-0.2029
-1.9315
0.7947
-3.3939
0.7452
-2.131
0.2339
2.4057
3.033
3.1819
0.066
2.9993
-4.704
1.679
0.033
-0.4457
1.7078
-0.5543
-0.0328
-0.7871
0.6281
-1.7411
1.655
0.7729
0.1958
0.5537
-1.231
3.0174
-0.6527
0.6249
0.5096
0.5703
-0.0315
0
-1.2291
-1.2444
1.6478
0.1907
1.4594
0.6567
-0.2175
-1.2453
1.9861
0.0309
-0.2163
1.7343
-0.2435
-0.2746
-1.4076
-0.031
0.3105
0.8666
0.3682
-0.0306
-0.7951
0.7244
-0.1683
-1.2262
-0.5276
0.3744
2.7976
0.7257
0.2702
-0.3293
1.2016
-1.3654
0.4815
-2.3959
1.4422
1.5124
0.0894
0.5359
0.533
0.5596
0.5858
-0.4659
1.2873
0.2311
0.7493
-0.6865
-2.0161
-0.3233
1.386
-2.5015
-1.6408
1.2739
-0.4193
-0.6617
1.8771
-0.7727
-1.1381
-1.8782
-2.9947
2.387
1.3367
0.092
1.9461
-1.5782
0.9163
1.8462
-1.4562
-0.392
-1.0899
1.6835
-0.301
-0.6944
-1.5506
1.5442
0.6691
-0.7704
1.6289
1.6477
2.3578
-0.0288
1.3537
0.4547
0.198
0.5082
-0.0281
0.9272
0.0835
-0.8345
-0.9958
0.9775
0.4209
-0.0279
0.6987
-0.3053
-0.8073
-0.6175
-0.5083
-3.1507
1.4068
-0.5491
1.9762
-1.8239
-1.6546
-2.1547
0.8748
1.7045
-0.7204
0.5479
-1.5317
2.8118
-0.1164
1.4565
-0.0861
-0.0862
0.1438
0.1436
-0.5449
0.7785
-1.0873
1.591
-0.1139
0.228
0.3555
0.1842
0.7072
0.4214
0.3077
-0.0558
0.7812
-1.1074
0.6159
0.7791
0.2485
0.8813
-0.0273
0.7646
0.5149
0.1618
-0.3769
1.2834
0.5202
0.2654
0.225
-0.8847
1.1191
0.1581
1.2102
-0.013
-0.429
-0.8225
-1.4611
0.6946
1.0613
0.7876
1.068
-0.0387
-1.5857
0.917
0.2856
-0.4919
0.8585
-1.0575
0.6517
0.8288
-0.0128
-0.2954
-0.7472
-0.2077
0.7284
0.3874
-0.4116
0.3358
-0.4506
-0.5173
1.5469
1.2033
0.1391
0.0379
-0.5303
0.4316
1.0617
0.5003
-0.4978
0.3752
0.2492
-0.522
-0.5997
0.3519
-0.7765
-0.8331
0.5346
-0.4052
0.0508
-0.7116
-1.8428
0.6258
0.6478
1.3646
-0.381
-0.459
-2.3309
-0.5508
0.0791
-0.5797
-1.5902
2.0199
-0.8976
2.8503
-0.6734
0.2868
-1.4821
-0.2375
2.381
1.0594
0.5881
1.4235
-0.0501
-0.3511
0.2265
0.3515
0.7756
-0.2979
0.5727
-0.0248
0.2353
1.0747
-0.0978
1.9085
0.9844
0.3804
-0.2369
-1.0209
-0.1679
1.0812
0
0.7844
0.1415
0.212
1.3396
0.4406
-2.7015
0.8306
0.9179
-2.6586
1.8208
-0.7529
2.1337
-3.0409
-0.7422
0
4.2451
0.162
0.1848
0.0461
0.1498
-2.842
0.1184
1.3485
-1.564
-2.0156
1.4521
2.5763
1.3488
-0.3213
1.6114
0.2039
-0.927
-0.7531
-0.3564
-2.6653
-1.0906
-2.0853
2.7907
1.0002
-0.5895
-1.7789
0.6037
-1.9683
-1.1998
1.0409
-2.6
-5.4772
0.6794
3.2019
-0.7949
0.5169
3.2399
1.1208
0.0493
-0.6401
-1.3875
0.5025
0.375
1.9676
-0.6839
-2.2873
-1.7116
1.6901
-0.7051
-0.5072
-2.4216
-1.7503
1.0901
-0.9995
-2.0457
4.5023
0.5969
-1.7028
1.2861
-0.6219
-2.6858
-1.4469
-3.4801
4.507
-2.345
0.4692
-1.978
1.9899
2.9953
0.6403
2.333
0.2332
1.8609
-0.4314
0.2803
0.5591
0.8466
2.1426
0.1472
-0.6859
-2.1707
2.0928
-1.1114
-3.4965
-0.1941
0.0648
-2.8764
0.8805
-0.3174
-0.6633
0.187
0.5065
0.5305
-3.3773
-2.5123
-0.8123
1.1014
1.1453
0.5523
-0.8239
-1.4124
0.5056
-1.09
-3.8994
-0.1764
0.7953
-3.1561
2.3838
-0.9136
2.097
-1.85
-2.3449
-1.3222
2.9416
-2.5135
1.3812
2.634
3.5103
1.6671
-1.78
-0.0571
0.6139
-0.4683
0.8269
-1.414
-5.7946
-3.6541
-0.8217
1.4659
-2.9837
0.7769
0.8673
2.0064
0.3122
-0.1245
2.5865
1.3366
-2.3082
-1.1353
-1.1484
-1.0989
0.619
-0.6783
2.4936
2.278
1.1212
-1.5882
-0.1675
-1.7691
-0.6055
3.249
1.2859
0.3734
2.3661
0.4797
-0.3183
-0.7257
-1.4912
2.5527
2.3155
0.9335
1.6816
-1.1439
1.7148
0.5482
-0.518
0.5755
-1.3488
2.2234
0.7295
0.5365
0.8271
0.1852
-1.0301
1.0408
-1.8489
-2.4758
-0.4691
0.1248
0.3184
-1.4491
-4.0471
-0.4962
-2.6987
2.864
-2.2128
-0.2697
-0.0451
1.7438
1.448
1.6021
-3.7271
-0.9232
-1.9838
-1.9933
1.4393
0.4473
-3.47
-1.1452
0.0644
-0.1608
-0.5154
-1.6675
0.922
-0.4078
3.9148
-1.0719
1.5296
-4.049
-2.4207
-0.771
-0.5743
0.9854
-0.1346
1.5836
0.4312
0.4954
1.3802
-0.8104
2.5163
2.4546
0.1556
-2.2367
2.9393
-0.2778
-1.3465
-0.9727
-4.3092
-0.4305
1.8291
2.7433
-2.4793
5.3129
1.9808
0.7132
2.3354
-2.2085
-0.9033
0.7748
-0.8292
0.5169
2.193
0.3848
-1.0615
-1.5348
-1.9068
0.6479
4.2919
-0.9112
-0.445
-1.9666
-1.5198
1.7901
0.7277
-0.3913
3.7474
-0.4078
-4.826
-1.9053
-1.3784
-0.413
2.488
-3.2991
0.9656
-2.2633
2.0548
-0.783
-0.6603
1.0376
-1.5725
0.9619
4.2467
-2.0136
1.644
0.9953
0.0616
0.831
0.3968
-0.3648
-2.1361
1.6215
3.8969
-0.0295
-1.6839
1.5024
1.8058
-1.2358
0.0442
0.7357
4.8788
0.7939
-1.9483
0.2537
0.4217
0.5599
-2.1436
1.963
-0.558
0.7856
0.0557
-2.6155
0.2857
-1.7379
-0.6959
0.7007
-1.0148
0.703
0.1891
-1.0016
-0.2933
2.5882
2.6663
-1.9548
0.0854
1.1952
-2.1654
-0.9198
1.9437
-1.3944
3.2756
0.6008
-0.2778
0.7521
1.2994
1.2828
-1.8054
0.5488
-1.3646
2.0753
1.6129
0.6002
0.2652
0.3703
-1.8445
0.1611
-0.3082
-0.1075
0.5248
0.2008
-0.2271
1.0712
-0.4769
-0.1065
-0.7196
-0.8591
-0.5686
1.0485
0.5121
1.2468
-0.3708
0.2127
-1.0345
2.3586
-0.4713
0.9077
-0.4823
-0.3144
0.657
0.9399
0.0517
2.7146
0.151
0.289
-0.639
-1.942
4.591
2.496
2.2073
-1.7371
0.6689
1.0916
0.2347
-1.171
-0.0948
-0.2372
0.9391
0.8597
1.6581
1.1027
1.0225
0.0675
-0.753
-0.736
-0.9354
0.4606
-0.8941
0.2313
-0.1616
1.4101
0.0456
1.4126
-0.3819
0.3834
-0.3819
-1.263
0.9137
-0.6564
-0.1823
1.8261
0.9639
1.4654
-0.1532
0.1972
1.5967
-1.3563
-0.6547
-0.4394
1.0591
-1.2664
1.61433
